100,21.5198,10.1767
200,34.8831,16.6597
300,36.1020,15.3321
400,40.3797,18.0365
500,44.5870,22.6219
600,42.9832,22.2571
700,43.2477,22.4199
800,48.8632,25.3178
900,49.1223,24.7129
1000,45.5075,25.7569
1100,46.9469,20.0723
1200,40.5578,19.9660
1300,43.2683,25.4906
1400,44.5755,18.3516
1500,41.7727,20.9701
1600,41.4556,20.2799
1700,44.2325,17.3381
1800,38.5164,18.9510
1900,34.7426,14.9657
2000,39.3680,16.4100
2100,39.1113,15.8545
2200,54.1370,27.2357
2300,42.3838,20.3318
2400,58.4906,32.5829
2500,46.7518,25.6832
2600,46.8724,30.3303
2700,48.4236,24.2363
2800,47.5310,24.4485
2900,43.7572,19.5995
3000,50.9277,25.2667
3100,47.5856,18.3845
3200,49.7259,23.1951
3300,52.0091,24.7380
3400,51.1443,28.4991
3500,53.5374,26.7764
3600,54.7237,25.4297
3700,51.6433,23.3760
3800,64.1611,32.1210
3900,45.3116,21.6612
4000,53.8660,29.3777
4100,42.9047,18.1899
4200,46.4869,20.2393
4300,55.3503,28.8347
4400,55.4507,26.4312
4500,49.5794,19.1859
4600,57.9131,27.5916
4700,57.2868,25.3702
4800,53.4554,25.5024
4900,48.9544,24.0754
5000,52.7258,28.7492
5100,48.1326,20.2482
5200,50.5675,21.8401
5300,59.9782,26.8243
5400,67.5399,31.9757
5500,59.0373,27.3053
5600,58.6508,27.7609
5700,61.0787,28.7668
5800,62.7908,26.4788
5900,56.5101,26.8924
6000,63.8514,29.2887
6100,67.3047,34.0014
6200,61.9641,26.6656
6300,59.5809,26.1242
6400,61.1301,25.8317
6500,67.5920,30.2333
6600,72.3386,28.6795
6700,67.7025,27.8094
6800,74.8072,31.6405
6900,73.2656,28.7306
7000,77.4084,36.0616
7100,73.5840,35.8824
7200,74.4432,30.9491
7300,77.3537,30.6822
7400,95.2421,38.5429
7500,99.1928,37.9489
7600,112.6499,34.5534
7700,102.7567,33.9439
7800,112.5569,31.1358
7900,110.1454,32.1325
8000,125.1458,36.4982
8100,123.2951,34.4207
8200,124.2105,40.2854
8300,120.6805,28.6628
8400,122.4093,39.9601
8500,119.1800,35.1995
8600,134.6132,37.4260
8700,123.1903,39.1178
8800,127.2750,38.8035
8900,130.8048,33.3286
9000,127.7640,40.0584
9100,132.3956,38.7091
9200,131.4346,40.4476
9300,134.0811,32.7011
9400,133.1481,36.1851
9500,131.2128,40.3756
9600,132.6256,38.2592
9700,141.9368,41.0756
9800,130.0984,32.8682
9900,133.9853,34.6871
10000,120.9906,33.5288
10100,147.8847,38.3314
10200,145.3152,34.7121
10300,148.2639,40.4658
10400,136.3869,39.1427
10500,146.3392,34.8895
10600,150.4378,34.9194
10700,149.2931,36.1089
10800,152.9652,33.6674
10900,152.0509,35.7662
11000,160.0669,34.5168
11100,150.3513,30.2111
11200,151.3731,34.4052
11300,136.0070,36.8370
11400,158.1012,37.1731
11500,168.6855,31.4371
11600,157.1559,35.2951
11700,149.4898,40.7642
11800,160.9012,33.0353
11900,166.7821,30.8533
12000,161.0544,34.9406
12100,162.3371,34.3195
12200,159.4330,37.1090
12300,168.7775,32.3277
12400,173.9332,27.1877
12500,173.6016,31.4081
12600,170.4187,34.0866
12700,170.3871,34.6898
12800,153.7327,41.4058
12900,165.1697,35.4758
13000,167.5676,31.1154
13100,172.2730,33.3595
13200,179.0599,32.6444
13300,167.1844,32.9769
13400,167.1484,41.5504
13500,173.3343,31.9981
13600,165.4671,36.8799
13700,173.3683,35.2716
13800,173.3497,28.3992
13900,161.1251,42.6926
14000,173.9513,31.3877
14100,180.6900,31.4505
14200,177.4598,31.7300
14300,187.6657,27.4768
14400,181.8045,29.4207
14500,179.3052,31.1541
14600,176.1924,33.1762
14700,185.8392,29.0554
14800,176.6217,31.4456
14900,184.1483,39.5664
15000,182.2837,28.7864
15100,181.7677,32.9145
15200,185.1001,31.4540
15300,191.9491,29.9962
15400,184.1916,30.2812
15500,182.3610,32.1546
15600,184.1382,29.7303
15700,181.0628,26.7912
15800,186.2169,32.9042
15900,172.9528,42.1876
16000,192.9467,28.5254
16100,188.9692,30.9164
16200,196.0854,31.7042
16300,194.9784,28.9067
16400,197.7396,28.1151
16500,187.7883,32.4863
16600,191.8523,30.8902
16700,191.9542,27.7501
16800,196.1998,26.4346
16900,196.3582,34.1877
17000,188.8566,35.5964
17100,197.3200,28.7513
17200,198.6257,31.4024
17300,194.6230,31.1214
17400,195.3293,27.3583
17500,196.7998,29.7727
17600,197.8145,25.9146
17700,199.7854,26.3110
17800,201.1413,28.2986
17900,199.1078,33.8466
18000,200.1372,28.0870
18100,204.2061,27.3674
18200,199.9039,25.5171
18300,195.4551,34.6258
18400,202.9908,22.8879
18500,199.2594,25.0483
18600,201.9334,30.3948
18700,202.2454,33.9544
18800,204.5225,25.0515
18900,202.2234,25.7834
19000,197.7786,31.0161
19100,207.5264,25.6102
19200,200.5040,32.6837
19300,208.6394,24.7437
19400,197.9366,29.5094
19500,207.0255,27.2498
19600,201.9755,31.2283
19700,208.5162,18.8951
19800,203.6583,22.3004
19900,211.0835,24.3470
20000,209.3315,33.4737
20100,207.6585,40.6809
20200,209.7392,28.7907
20300,212.7168,27.0197
20400,208.6430,24.9102
20500,211.4092,28.0802
20600,205.1024,24.6762
20700,207.5727,23.9377
20800,208.1562,28.7225
20900,208.3509,28.4530
21000,209.6723,25.2204
21100,211.5232,24.4525
21200,205.2782,27.8232
21300,205.0320,33.8243
21400,209.4493,25.5332
21500,201.9097,28.6523
21600,212.5773,25.2639
21700,215.6955,23.0144
21800,208.3494,26.8137
21900,209.4818,26.9584
22000,218.3216,24.6396
22100,203.5336,24.8909
22200,209.6168,27.2131
22300,212.1022,25.9555
22400,209.5746,27.4740
22500,215.3916,24.7790
22600,209.4323,32.9931
22700,206.9548,24.1158
22800,213.6668,30.3326
22900,210.6751,36.2074
23000,216.6715,24.1831
23100,216.1514,28.0245
23200,210.4655,26.0442
23300,217.1005,24.7272
23400,215.4494,26.9659
23500,214.8340,28.0372
23600,210.7273,29.2282
23700,216.7552,23.3414
23800,215.5411,22.3845
23900,219.0188,19.8774
24000,217.7221,20.4278
24100,218.4634,24.7220
24200,218.8647,26.5383
24300,218.4971,25.8260
24400,216.5043,25.0910
24500,217.0791,26.2298
24600,220.5691,22.0128
24700,217.2245,29.5450
24800,217.8044,21.5680
24900,215.8949,24.4157
25000,221.7116,23.5883
25100,219.5347,27.2752
25200,219.9695,25.7102
25300,220.0326,21.6857
25400,215.8276,26.3496
25500,223.4910,22.3184
25600,214.4173,24.2536
25700,221.3442,23.3212
25800,219.0468,24.3586
25900,225.5172,20.6023
26000,217.1273,25.5012
26100,219.4378,24.9170
26200,220.6326,21.7590
26300,215.8449,32.6539
26400,222.0742,24.1685
26500,221.9322,25.1889
26600,224.2278,22.9462
26700,222.3815,21.7209
26800,221.9253,22.5087
26900,222.2310,20.3740
27000,220.6160,28.5521
27100,221.5487,23.2681
27200,218.5639,37.7935
27300,223.3032,24.3029
27400,224.4516,23.6562
27500,220.5303,20.9155
27600,223.4550,23.8476
27700,222.2542,24.8149
27800,219.7019,32.5188
27900,227.0052,24.4159
28000,221.2318,24.2987
28100,222.6660,25.2601
28200,216.8052,33.3366
28300,221.8611,25.6954
28400,224.3111,30.9610
28500,223.8935,27.2941
28600,221.2000,27.4236
28700,222.1272,23.2005
28800,223.5226,22.1089
28900,224.4813,25.9283
29000,223.2919,18.8860
29100,223.3479,29.4460
29200,224.2817,30.6371
29300,223.7576,27.0980
29400,223.0645,24.3737
29500,224.5400,24.6506
29600,225.5030,22.1564
29700,225.5577,22.8664
29800,226.4478,23.5710
29900,226.3479,20.1547
